1000 0.001850 0.001529
2000 0.006318 0.002971
3000 0.014123 0.006530
4000 0.025530 0.006561
5000 0.041061 0.014519
6000 0.058316 0.015222
7000 0.079663 0.014582
8000 0.103377 0.014423
9000 0.130591 0.030220
10000 0.162392 0.030479
11000 0.198963 0.030647
12000 0.238285 0.031649
13000 0.280421 0.031034
14000 0.316530 0.030263
15000 0.363231 0.030659
16000 0.417601 0.030803
17000 0.473679 0.066490
18000 0.530060 0.064671
19000 0.586905 0.065532
20000 0.657501 0.065088
21000 0.715068 0.065779
22000 0.789230 0.064890
23000 0.852868 0.064554
24000 0.936707 0.065434
25000 1.018976 0.064705
